Reading trace file: sample_input/trace1.txt
Trace contains 1000002 memory accesses.
Simulating FIFO policy...
Write your code here.

MissRate
           FIFO/8                                    FIFO/16                                   FIFO/32                                   FIFO/64                                   FIFO/128                                  
I cache   1024   2048   4096   8192   16384  1024   2048   4096   8192   16384  1024   2048   4096   8192   16384  1024   2048   4096   8192   16384  1024   2048   4096   8192   16384  
Direct | 0.0000 0.0000 0.0000 0.0000 0.0000 0.0000 0.0000 0.0000 0.0000 0.0000 0.0000 0.0000 0.0000 0.0000 0.0000 0.0000 0.0000 0.0000 0.0000 0.0000 0.0000 0.0000 0.0000 0.0000 0.0000 
2  Way | 0.0000 0.0000 0.0000 0.0000 0.0000 0.0000 0.0000 0.0000 0.0000 0.0000 0.0000 0.0000 0.0000 0.0000 0.0000 0.0000 0.0000 0.0000 0.0000 0.0000 0.0000 0.0000 0.0000 0.0000 0.0000 
4  Way | 0.0000 0.0000 0.0000 0.0000 0.0000 0.0000 0.0000 0.0000 0.0000 0.0000 0.0000 0.0000 0.0000 0.0000 0.0000 0.0000 0.0000 0.0000 0.0000 0.0000 0.0000 0.0000 0.0000 0.0000 0.0000 
8  Way | 0.0000 0.0000 0.0000 0.0000 0.0000 0.0000 0.0000 0.0000 0.0000 0.0000 0.0000 0.0000 0.0000 0.0000 0.0000 0.0000 0.0000 0.0000 0.0000 0.0000 0.0000 0.0000 0.0000 0.0000 0.0000 

           FIFO/8                                    FIFO/16                                   FIFO/32                                   FIFO/64                                   FIFO/128                                  
D cache   1024   2048   4096   8192   16384  1024   2048   4096   8192   16384  1024   2048   4096   8192   16384  1024   2048   4096   8192   16384  1024   2048   4096   8192   16384  
Direct | 0.0000 0.0000 0.0000 0.0000 0.0000 0.0000 0.0000 0.0000 0.0000 0.0000 0.0000 0.0000 0.0000 0.0000 0.0000 0.0000 0.0000 0.0000 0.0000 0.0000 0.0000 0.0000 0.0000 0.0000 0.0000 
2  Way | 0.0000 0.0000 0.0000 0.0000 0.0000 0.0000 0.0000 0.0000 0.0000 0.0000 0.0000 0.0000 0.0000 0.0000 0.0000 0.0000 0.0000 0.0000 0.0000 0.0000 0.0000 0.0000 0.0000 0.0000 0.0000 
4  Way | 0.0000 0.0000 0.0000 0.0000 0.0000 0.0000 0.0000 0.0000 0.0000 0.0000 0.0000 0.0000 0.0000 0.0000 0.0000 0.0000 0.0000 0.0000 0.0000 0.0000 0.0000 0.0000 0.0000 0.0000 0.0000 
8  Way | 0.0000 0.0000 0.0000 0.0000 0.0000 0.0000 0.0000 0.0000 0.0000 0.0000 0.0000 0.0000 0.0000 0.0000 0.0000 0.0000 0.0000 0.0000 0.0000 0.0000 0.0000 0.0000 0.0000 0.0000 0.0000 

Write Count
           FIFO/8                             FIFO/16                            FIFO/32                            FIFO/64                            FIFO/128                           
I cache     1024  2048  4096  8192 16384  1024  2048  4096  8192 16384  1024  2048  4096  8192 16384  1024  2048  4096  8192 16384  1024  2048  4096  8192 16384
Direct |     0     0     0     0     0     0     0     0     0     0     0     0     0     0     0     0     0     0     0     0     0     0     0     0     0 
2  Way |     0     0     0     0     0     0     0     0     0     0     0     0     0     0     0     0     0     0     0     0     0     0     0     0     0 
4  Way |     0     0     0     0     0     0     0     0     0     0     0     0     0     0     0     0     0     0     0     0     0     0     0     0     0 
8  Way |     0     0     0     0     0     0     0     0     0     0     0     0     0     0     0     0     0     0     0     0     0     0     0     0     0 

           FIFO/8                             FIFO/16                            FIFO/32                            FIFO/64                            FIFO/128                           
D cache     1024  2048  4096  8192 16384  1024  2048  4096  8192 16384  1024  2048  4096  8192 16384  1024  2048  4096  8192 16384  1024  2048  4096  8192 16384
Direct |     0     0     0     0     0     0     0     0     0     0     0     0     0     0     0     0     0     0     0     0     0     0     0     0     0 
2  Way |     0     0     0     0     0     0     0     0     0     0     0     0     0     0     0     0     0     0     0     0     0     0     0     0     0 
4  Way |     0     0     0     0     0     0     0     0     0     0     0     0     0     0     0     0     0     0     0     0     0     0     0     0     0 
8  Way |     0     0     0     0     0     0     0     0     0     0     0     0     0     0     0     0     0     0     0     0     0     0     0     0     0 
