Reading trace file: sample_input/trace1.txt
Trace contains 1000002 memory accesses.
Simulating FIFO policy...

MissRate
           FIFO/8                                    FIFO/16                                   FIFO/32                                   FIFO/64                                   FIFO/128                                  
I cache   1024   2048   4096   8192   16384  1024   2048   4096   8192   16384  1024   2048   4096   8192   16384  1024   2048   4096   8192   16384  1024   2048   4096   8192   16384  
Direct | 0.2952 0.2438 0.1879 0.1268 0.0741 0.1757 0.1450 0.1125 0.0769 0.0452 0.1101 0.0908 0.0716 0.0506 0.0294 0.0756 0.0624 0.0498 0.0359 0.0208 0.0539 0.0445 0.0354 0.0263 0.0158 
2  Way | 0.2871 0.2324 0.1674 0.1046 0.0566 0.1702 0.1384 0.1011 0.0650 0.0348 0.1059 0.0868 0.0646 0.0435 0.0233 0.0722 0.0601 0.0452 0.0314 0.0172 0.0514 0.0428 0.0329 0.0235 0.0138 
4  Way | 0.2894 0.2304 0.1634 0.0959 0.0475 0.1705 0.1377 0.0994 0.0605 0.0297 0.1056 0.0872 0.0643 0.0406 0.0199 0.0719 0.0601 0.0448 0.0292 0.0149 0.0511 0.0420 0.0326 0.0219 0.0118 
8  Way | 0.2903 0.2323 0.1604 0.0928 0.0453 0.1711 0.1393 0.0975 0.0590 0.0284 0.1052 0.0881 0.0636 0.0398 0.0193 0.0716 0.0609 0.0446 0.0291 0.0140 0.0504 0.0421 0.0331 0.0220 0.0113 

           FIFO/8                                    FIFO/16                                   FIFO/32                                   FIFO/64                                   FIFO/128                                  
D cache   1024   2048   4096   8192   16384  1024   2048   4096   8192   16384  1024   2048   4096   8192   16384  1024   2048   4096   8192   16384  1024   2048   4096   8192   16384  
Direct | 0.2103 0.1546 0.0920 0.0617 0.0409 0.1991 0.1409 0.0785 0.0501 0.0303 0.2040 0.1435 0.0740 0.0454 0.0252 0.2225 0.1554 0.0816 0.0496 0.0249 0.2631 0.1881 0.1078 0.0615 0.0276 
2  Way | 0.1758 0.1186 0.0796 0.0495 0.0348 0.1601 0.1021 0.0653 0.0386 0.0248 0.1632 0.1035 0.0611 0.0335 0.0191 0.1769 0.1116 0.0654 0.0341 0.0172 0.2151 0.1355 0.0807 0.0424 0.0188 
4  Way | 0.1622 0.1109 0.0749 0.0472 0.0322 0.1464 0.0947 0.0605 0.0356 0.0222 0.1475 0.0934 0.0542 0.0303 0.0163 0.1594 0.1022 0.0563 0.0297 0.0140 0.1904 0.1227 0.0711 0.0356 0.0154 
8  Way | 0.1600 0.1075 0.0738 0.0458 0.0320 0.1443 0.0909 0.0597 0.0339 0.0217 0.1436 0.0890 0.0523 0.0293 0.0158 0.1581 0.0972 0.0543 0.0283 0.0139 0.1887 0.1176 0.0665 0.0328 0.0148 

Write Count
           FIFO/8                             FIFO/16                            FIFO/32                            FIFO/64                            FIFO/128                           
I cache     1024  2048  4096  8192 16384  1024  2048  4096  8192 16384  1024  2048  4096  8192 16384  1024  2048  4096  8192 16384  1024  2048  4096  8192 16384
Direct |     0     0     0     0     0     0     0     0     0     0     0     0     0     0     0     0     0     0     0     0     0     0     0     0     0 
2  Way |     0     0     0     0     0     0     0     0     0     0     0     0     0     0     0     0     0     0     0     0     0     0     0     0     0 
4  Way |     0     0     0     0     0     0     0     0     0     0     0     0     0     0     0     0     0     0     0     0     0     0     0     0     0 
8  Way |     0     0     0     0     0     0     0     0     0     0     0     0     0     0     0     0     0     0     0     0     0     0     0     0     0 

           FIFO/8                             FIFO/16                            FIFO/32                            FIFO/64                            FIFO/128                           
D cache     1024  2048  4096  8192 16384  1024  2048  4096  8192 16384  1024  2048  4096  8192 16384  1024  2048  4096  8192 16384  1024  2048  4096  8192 16384
Direct | 23873 17783 10752  7304  4489 20661 14587  8174  5325  3149 20191 14370  7086  4312  2347 20885 14866  7209  4260  2016 23002 16643  8725  5037  2070 
2  Way | 20247 13243  9555  6395  4102 17209 10326  6974  4458  2848 16588  9916  6048  3440  2039 17198 10134  6026  3105  1655 20081 12165  7049  3643  1704 
4  Way | 18829 12624  9032  6283  4029 15753  9779  6422  4244  2705 14818  9082  5287  3146  1835 15230  9383  5089  2757  1380 17293 11028  6278  3033  1377 
8  Way | 18883 12362  8991  6145  4043 15806  9513  6375  4141  2716 14758  8785  5085  3081  1820 15564  9194  4921  2590  1400 17926 10761  5847  2797  1305 
