Reading trace file: sample_input/trace2-short.txt
Trace contains 100000 memory accesses.
Simulating FIFO policy...

MissRate
           FIFO/8                                    FIFO/16                                   FIFO/32                                   FIFO/64                                   FIFO/128                                  
I cache   1024   2048   4096   8192   16384  1024   2048   4096   8192   16384  1024   2048   4096   8192   16384  1024   2048   4096   8192   16384  1024   2048   4096   8192   16384  
Direct | 0.1623 0.1040 0.0746 0.0425 0.0278 0.0937 0.0583 0.0421 0.0249 0.0158 0.0631 0.0412 0.0275 0.0163 0.0103 0.0521 0.0353 0.0200 0.0116 0.0068 0.0444 0.0327 0.0162 0.0088 0.0051 
2  Way | 0.1676 0.0988 0.0539 0.0368 0.0235 0.0980 0.0554 0.0306 0.0218 0.0134 0.0664 0.0407 0.0195 0.0144 0.0081 0.0546 0.0324 0.0160 0.0104 0.0059 0.0485 0.0281 0.0139 0.0078 0.0048 
4  Way | 0.1473 0.0800 0.0497 0.0344 0.0186 0.0873 0.0448 0.0280 0.0204 0.0106 0.0612 0.0326 0.0175 0.0131 0.0063 0.0461 0.0276 0.0117 0.0088 0.0046 0.0498 0.0264 0.0088 0.0058 0.0034 
8  Way | 0.1318 0.0705 0.0492 0.0358 0.0171 0.0835 0.0406 0.0282 0.0216 0.0095 0.0654 0.0297 0.0173 0.0138 0.0057 0.0466 0.0232 0.0117 0.0089 0.0044 0.0506 0.0283 0.0084 0.0059 0.0032 

           FIFO/8                                    FIFO/16                                   FIFO/32                                   FIFO/64                                   FIFO/128                                  
D cache   1024   2048   4096   8192   16384  1024   2048   4096   8192   16384  1024   2048   4096   8192   16384  1024   2048   4096   8192   16384  1024   2048   4096   8192   16384  
Direct | 0.1362 0.0561 0.0395 0.0317 0.0266 0.1335 0.0445 0.0310 0.0229 0.0172 0.1284 0.0312 0.0220 0.0154 0.0107 0.1378 0.0314 0.0229 0.0144 0.0075 0.1529 0.0378 0.0244 0.0152 0.0062 
2  Way | 0.0720 0.0489 0.0303 0.0251 0.0245 0.0636 0.0394 0.0230 0.0166 0.0153 0.0587 0.0267 0.0155 0.0106 0.0092 0.0745 0.0265 0.0146 0.0081 0.0065 0.1038 0.0355 0.0142 0.0082 0.0050 
4  Way | 0.0632 0.0469 0.0271 0.0237 0.0237 0.0531 0.0377 0.0195 0.0145 0.0145 0.0477 0.0246 0.0144 0.0085 0.0084 0.0584 0.0259 0.0160 0.0065 0.0057 0.1011 0.0381 0.0146 0.0085 0.0039 
8  Way | 0.0628 0.0470 0.0257 0.0237 0.0237 0.0517 0.0370 0.0202 0.0145 0.0145 0.0394 0.0240 0.0152 0.0084 0.0084 0.0658 0.0217 0.0151 0.0057 0.0057 0.0955 0.0424 0.0146 0.0080 0.0039 

Write Count
           FIFO/8                             FIFO/16                            FIFO/32                            FIFO/64                            FIFO/128                           
I cache     1024  2048  4096  8192 16384  1024  2048  4096  8192 16384  1024  2048  4096  8192 16384  1024  2048  4096  8192 16384  1024  2048  4096  8192 16384
Direct |     0     0     0     0     0     0     0     0     0     0     0     0     0     0     0     0     0     0     0     0     0     0     0     0     0 
2  Way |     0     0     0     0     0     0     0     0     0     0     0     0     0     0     0     0     0     0     0     0     0     0     0     0     0 
4  Way |     0     0     0     0     0     0     0     0     0     0     0     0     0     0     0     0     0     0     0     0     0     0     0     0     0 
8  Way |     0     0     0     0     0     0     0     0     0     0     0     0     0     0     0     0     0     0     0     0     0     0     0     0     0 

           FIFO/8                             FIFO/16                            FIFO/32                            FIFO/64                            FIFO/128                           
D cache     1024  2048  4096  8192 16384  1024  2048  4096  8192 16384  1024  2048  4096  8192 16384  1024  2048  4096  8192 16384  1024  2048  4096  8192 16384
Direct |  1196   390   161    83    45  1177   315   152    77    36  1186   236   131    71    33  1305   220   151    79    24  1520   304   184   109    28 
2  Way |   638   377    96    11     4   601   315   109    21    10   643   234    90    24     9   806   217    95    24     9  1179   325   105    43    12 
4  Way |   573   340    63     5     0   482   298    76     4     0   505   217    86     7     0   622   207   113    15     0  1186   392   103    49     0 
8  Way |   573   335    40     0     0   459   280    84     1     0   393   206    97     1     0   697   168   103     3     0  1088   440   106    46     0 
