Reading trace file: sample_input/trace1.txt
Trace contains 1000002 memory accesses.
Simulating LRU policy...

MissRate
           LRU/8                                    LRU/16                                   LRU/32                                   LRU/64                                   LRU/128                                  
I cache   1024   2048   4096   8192   16384  1024   2048   4096   8192   16384  1024   2048   4096   8192   16384  1024   2048   4096   8192   16384  1024   2048   4096   8192   16384  
Direct | 0.2952 0.2438 0.1879 0.1268 0.0741 0.1757 0.1450 0.1125 0.0769 0.0452 0.1101 0.0908 0.0716 0.0506 0.0294 0.0756 0.0624 0.0498 0.0359 0.0208 0.0539 0.0445 0.0354 0.0263 0.0158 
2  Way | 0.2849 0.2295 0.1636 0.1018 0.0542 0.1689 0.1367 0.0989 0.0632 0.0334 0.1051 0.0857 0.0633 0.0422 0.0224 0.0718 0.0593 0.0444 0.0304 0.0166 0.0509 0.0419 0.0322 0.0228 0.0134 
4  Way | 0.2871 0.2251 0.1572 0.0895 0.0430 0.1692 0.1345 0.0960 0.0570 0.0268 0.1049 0.0855 0.0623 0.0387 0.0181 0.0712 0.0591 0.0434 0.0279 0.0138 0.0502 0.0414 0.0316 0.0209 0.0110 
8  Way | 0.2880 0.2258 0.1523 0.0855 0.0396 0.1697 0.1356 0.0928 0.0548 0.0249 0.1045 0.0863 0.0610 0.0374 0.0169 0.0711 0.0597 0.0430 0.0275 0.0124 0.0498 0.0415 0.0315 0.0209 0.0102 

           LRU/8                                    LRU/16                                   LRU/32                                   LRU/64                                   LRU/128                                  
D cache   1024   2048   4096   8192   16384  1024   2048   4096   8192   16384  1024   2048   4096   8192   16384  1024   2048   4096   8192   16384  1024   2048   4096   8192   16384  
Direct | 0.2103 0.1546 0.0920 0.0617 0.0409 0.1991 0.1409 0.0785 0.0501 0.0303 0.2040 0.1435 0.0740 0.0454 0.0252 0.2225 0.1554 0.0816 0.0496 0.0249 0.2631 0.1881 0.1078 0.0615 0.0276 
2  Way | 0.1636 0.1104 0.0745 0.0456 0.0320 0.1504 0.0951 0.0608 0.0354 0.0226 0.1529 0.0953 0.0556 0.0305 0.0172 0.1660 0.1027 0.0590 0.0310 0.0154 0.2032 0.1250 0.0728 0.0380 0.0169 
4  Way | 0.1459 0.1002 0.0682 0.0410 0.0284 0.1310 0.0843 0.0544 0.0313 0.0190 0.1307 0.0812 0.0475 0.0261 0.0137 0.1405 0.0883 0.0484 0.0252 0.0115 0.1662 0.1042 0.0592 0.0298 0.0126 
8  Way | 0.1408 0.0956 0.0669 0.0387 0.0280 0.1255 0.0794 0.0529 0.0290 0.0183 0.1241 0.0757 0.0448 0.0249 0.0127 0.1360 0.0809 0.0451 0.0237 0.0108 0.1576 0.0979 0.0546 0.0263 0.0115 

Write Count
           LRU/8                             LRU/16                            LRU/32                            LRU/64                            LRU/128                           
I cache     1024  2048  4096  8192 16384  1024  2048  4096  8192 16384  1024  2048  4096  8192 16384  1024  2048  4096  8192 16384  1024  2048  4096  8192 16384
Direct |     0     0     0     0     0     0     0     0     0     0     0     0     0     0     0     0     0     0     0     0     0     0     0     0     0 
2  Way |     0     0     0     0     0     0     0     0     0     0     0     0     0     0     0     0     0     0     0     0     0     0     0     0     0 
4  Way |     0     0     0     0     0     0     0     0     0     0     0     0     0     0     0     0     0     0     0     0     0     0     0     0     0 
8  Way |     0     0     0     0     0     0     0     0     0     0     0     0     0     0     0     0     0     0     0     0     0     0     0     0     0 

           LRU/8                             LRU/16                            LRU/32                            LRU/64                            LRU/128                           
D cache     1024  2048  4096  8192 16384  1024  2048  4096  8192 16384  1024  2048  4096  8192 16384  1024  2048  4096  8192 16384  1024  2048  4096  8192 16384
Direct | 23873 17783 10752  7304  4489 20661 14587  8174  5325  3149 20191 14370  7086  4312  2347 20885 14866  7209  4260  2016 23002 16643  8725  5037  2070 
2  Way | 18301 11933  8762  5866  3722 15552  9132  6238  4014  2544 15007  8547  5041  2950  1770 15493  8569  4862  2566  1383 18285 10378  5584  2839  1398 
4  Way | 16068 10887  8086  5540  3483 13138  8072  5478  3707  2295 12080  7025  4175  2555  1494 12166  6951  3696  2024  1057 13180  7873  4226  2109   974 
8  Way | 15537 10368  7973  5419  3487 12577  7532  5342  3591  2283 11500  6463  3887  2497  1459 11760  6404  3381  1921  1026 12724  7654  3813  1808   896 
