Reading trace file: sample_input/trace2-short.txt
Trace contains 100000 memory accesses.
Simulating LRU policy...

MissRate
           LRU/8                                    LRU/16                                   LRU/32                                   LRU/64                                   LRU/128                                  
I cache   1024   2048   4096   8192   16384  1024   2048   4096   8192   16384  1024   2048   4096   8192   16384  1024   2048   4096   8192   16384  1024   2048   4096   8192   16384  
Direct | 0.1623 0.1040 0.0746 0.0425 0.0278 0.0937 0.0583 0.0421 0.0249 0.0158 0.0631 0.0412 0.0275 0.0163 0.0103 0.0521 0.0353 0.0200 0.0116 0.0068 0.0444 0.0327 0.0162 0.0088 0.0051 
2  Way | 0.1610 0.0943 0.0518 0.0353 0.0232 0.0941 0.0527 0.0294 0.0210 0.0131 0.0656 0.0381 0.0187 0.0136 0.0078 0.0536 0.0305 0.0150 0.0096 0.0055 0.0481 0.0278 0.0127 0.0072 0.0043 
4  Way | 0.1353 0.0706 0.0481 0.0315 0.0181 0.0790 0.0398 0.0272 0.0188 0.0102 0.0564 0.0301 0.0170 0.0123 0.0061 0.0438 0.0247 0.0109 0.0081 0.0043 0.0471 0.0238 0.0078 0.0055 0.0031 
8  Way | 0.1219 0.0657 0.0480 0.0320 0.0169 0.0776 0.0378 0.0275 0.0195 0.0093 0.0587 0.0308 0.0167 0.0128 0.0055 0.0451 0.0216 0.0111 0.0082 0.0041 0.0491 0.0235 0.0076 0.0056 0.0028 

           LRU/8                                    LRU/16                                   LRU/32                                   LRU/64                                   LRU/128                                  
D cache   1024   2048   4096   8192   16384  1024   2048   4096   8192   16384  1024   2048   4096   8192   16384  1024   2048   4096   8192   16384  1024   2048   4096   8192   16384  
Direct | 0.1362 0.0561 0.0395 0.0317 0.0266 0.1335 0.0445 0.0310 0.0229 0.0172 0.1284 0.0312 0.0220 0.0154 0.0107 0.1378 0.0314 0.0229 0.0144 0.0075 0.1529 0.0378 0.0244 0.0152 0.0062 
2  Way | 0.0675 0.0453 0.0288 0.0246 0.0242 0.0596 0.0362 0.0214 0.0162 0.0150 0.0535 0.0241 0.0143 0.0102 0.0090 0.0662 0.0250 0.0135 0.0077 0.0063 0.0931 0.0324 0.0139 0.0073 0.0048 
4  Way | 0.0601 0.0439 0.0250 0.0237 0.0237 0.0482 0.0359 0.0172 0.0145 0.0145 0.0422 0.0227 0.0124 0.0084 0.0084 0.0504 0.0234 0.0144 0.0062 0.0057 0.0878 0.0336 0.0135 0.0070 0.0039 
8  Way | 0.0592 0.0427 0.0241 0.0237 0.0237 0.0467 0.0353 0.0165 0.0145 0.0145 0.0317 0.0226 0.0122 0.0084 0.0084 0.0503 0.0193 0.0137 0.0057 0.0057 0.0841 0.0369 0.0134 0.0063 0.0039 

Write Count
           LRU/8                             LRU/16                            LRU/32                            LRU/64                            LRU/128                           
I cache     1024  2048  4096  8192 16384  1024  2048  4096  8192 16384  1024  2048  4096  8192 16384  1024  2048  4096  8192 16384  1024  2048  4096  8192 16384
Direct |     0     0     0     0     0     0     0     0     0     0     0     0     0     0     0     0     0     0     0     0     0     0     0     0     0 
2  Way |     0     0     0     0     0     0     0     0     0     0     0     0     0     0     0     0     0     0     0     0     0     0     0     0     0 
4  Way |     0     0     0     0     0     0     0     0     0     0     0     0     0     0     0     0     0     0     0     0     0     0     0     0     0 
8  Way |     0     0     0     0     0     0     0     0     0     0     0     0     0     0     0     0     0     0     0     0     0     0     0     0     0 

           LRU/8                             LRU/16                            LRU/32                            LRU/64                            LRU/128                           
D cache     1024  2048  4096  8192 16384  1024  2048  4096  8192 16384  1024  2048  4096  8192 16384  1024  2048  4096  8192 16384  1024  2048  4096  8192 16384
Direct |  1196   390   161    83    45  1177   315   152    77    36  1186   236   131    71    33  1305   220   151    79    24  1520   304   184   109    28 
2  Way |   572   317    78    10     4   531   253    87    19     9   545   180    72    21     8   674   183    69    19     9   996   271    92    32    10 
4  Way |   521   283    48     5     0   398   253    56     4     0   411   177    60     5     0   489   170    78    11     0   904   280    80    31     0 
8  Way |   518   270    27     2     0   379   241    49     3     0   275   168    53     2     0   430   126    81     3     0   850   325    79    29     0 
